11 34 57 80 103 126 149 172 195 218 241
10 32 54 76 97 118 140 183 205 225 246
9 30 51 72 114 133 154 171 192 209 251
8 28 48 91 108 125 145 182 202 216 233
7 26 68 87 102 117 159 170 189 223 238
6 24 65 83 96 132 150 181 199 207 243
5 45 62 79 113 124 141 169 186 214 248
4 43 59 75 107 116 155 180 196 221 230
3 41 56 71 101 131 146 168 206 228 235
2 39 53 90 95 123 160 179 193 212 240
1 37 50 86 112 115 151 167 203 219 245
0 35 47 82 106 130 142 178 190 226 250
22 33 67 78 100 122 156 166 200 210 232
21 31 64 74 94 137 147 177 187 217 237
20 29 61 70 111 129 138 165 197 224 242
19 27 58 89 105 121 152 176 184 208 247
18 25 55 85 99 136 143 164 194 215 252
17 23 52 81 93 128 157 175 204 222 234
16 44 49 77 110 120 148 163 191 229 239
15 42 46 73 104 135 139 174 201 213 244
14 40 66 69 98 127 153 162 188 220 249
13 38 63 88 92 119 144 173 198 227 231
12 36 60 84 109 134 158 161 185 211 236
