22 43 65 82 107 131 139
20 32 53 72 104 127 158
7 38 60 78 102 126 153
19 35 61 71 99 130 150
18 42 50 77 96 125 156
6 30 67 84 111 123 145
15 27 59 76 106 124 160
8 44 66 89 95 121 144
13 41 56 73 101 120 159
12 34 64 80 98 119 157
23 46 47 86 94 118 152
5 33 52 83 108 137 149
11 40 63 70 105 129 148
17 31 62 75 103 117 161
4 45 69 91 100 116 141
2 26 58 87 112 136 147
16 39 54 81 93 128 155
1 29 49 90 110 135 154
21 37 57 79 97 122 151
14 24 51 85 115 134 143
3 36 48 88 114 133 146
10 28 55 92 109 132 142
9 25 68 74 113 138 140
