7 44 93 115 152 161 196 239 255
21 32 89 124 136 156 194 242 266
19 52 63 108 148 173 192 230 277
17 42 88 120 130 175 206 222 263
11 41 92 118 154 157 189 247 250
30 53 78 111 145 160 188 237 262
29 50 73 117 131 169 187 229 275
28 58 71 104 144 168 191 218 279
5 56 80 114 129 167 204 235 270
4 51 68 107 134 185 213 234 261
16 47 86 97 151 184 202 226 251
13 40 82 103 127 177 211 244 265
27 38 76 99 139 166 198 240 276
22 36 70 106 153 174 217 220 259
14 33 67 112 142 182 209 232 274
12 45 66 110 149 158 214 241 264
25 43 91 102 125 164 200 238 272
15 55 65 116 146 180 190 233 258
1 54 90 95 150 172 215 224 260
26 37 84 123 133 170 201 231 254
18 34 81 101 147 186 193 223 271
10 57 77 119 138 159 216 227 257
9 61 87 105 137 165 203 219 269
24 35 83 100 132 181 205 245 256
8 60 69 109 141 179 199 228 267
23 39 72 98 140 176 212 248 253
20 49 85 113 135 163 197 225 278
3 48 79 122 143 162 207 243 252
31 62 75 94 128 178 195 221 273
2 59 64 121 126 183 210 246 249
6 46 74 96 155 171 208 236 268
