23 70 117 164 211 258 305 352 399 446 493 540 587 634 681 728 775 822 869 916 963 1010 1057
22 68 114 160 205 251 297 343 387 432 477 523 569 613 704 750 795 841 884 929 974 1020 1062
21 66 111 156 199 244 289 334 422 465 508 553 598 639 680 725 768 813 852 895 985 1030 1067
20 64 108 152 193 237 328 372 410 451 492 536 580 618 703 747 788 832 867 908 949 993 1072
19 62 105 148 234 277 320 363 398 437 476 519 609 644 679 722 761 804 882 921 960 1003 1077
18 60 102 144 228 270 312 354 386 423 507 549 591 623 702 744 781 823 850 934 971 1013 1035
17 58 99 187 222 263 304 345 421 456 491 532 573 649 678 719 754 842 865 900 982 1023 1040
16 56 96 183 216 256 296 336 409 442 475 562 602 628 701 741 774 814 880 913 946 1033 1045
15 54 140 179 210 249 288 374 397 428 506 545 584 654 677 716 794 833 848 926 957 996 1050
14 52 137 175 204 242 327 365 385 461 490 528 566 633 700 738 767 805 863 939 968 1006 1055
13 50 134 171 198 235 319 356 420 447 474 558 595 612 676 713 787 824 878 905 979 1016 1060
12 48 131 167 192 275 311 347 408 433 505 541 577 638 699 735 760 843 846 918 943 1026 1065
11 93 128 163 233 268 303 338 396 466 489 524 606 617 675 710 780 815 861 931 954 989 1070
10 91 125 159 227 261 295 329 384 452 473 554 588 643 698 732 753 834 876 897 965 999 1075
9 89 122 155 221 254 287 367 419 438 504 537 570 622 674 707 773 806 891 910 976 1009 1080
8 87 119 151 215 247 326 358 407 424 488 520 599 648 697 729 793 825 859 923 940 1019 1038
7 85 116 147 209 240 318 349 395 457 472 550 581 627 673 751 766 844 874 936 951 1029 1043
6 83 113 143 203 280 310 340 383 443 503 533 610 653 696 726 786 816 889 902 962 992 1048
5 81 110 186 197 273 302 331 418 429 487 563 592 632 672 748 759 835 857 915 973 1002 1053
4 79 107 182 191 266 294 369 406 462 471 546 574 611 695 723 779 807 872 928 984 1012 1058
3 77 104 178 232 259 286 360 394 448 502 529 603 637 671 745 752 826 887 894 948 1022 1063
2 75 101 174 226 252 325 351 382 434 486 559 585 616 694 720 772 845 855 907 959 1032 1068
1 73 98 170 220 245 317 342 417 467 470 542 567 642 670 742 792 817 870 920 970 995 1073
0 71 95 166 214 238 309 333 405 453 501 525 596 621 693 717 765 836 885 933 981 1005 1078
46 69 139 162 208 278 301 371 393 439 485 555 578 647 669 739 785 808 853 899 945 1015 1036
45 67 136 158 202 271 293 362 381 425 516 538 607 626 692 714 758 827 868 912 956 1025 1041
44 65 133 154 196 264 285 353 416 458 500 521 589 652 668 736 778 799 883 925 967 988 1046
43 63 130 150 190 257 324 344 404 444 484 551 571 631 691 711 798 818 851 938 978 998 1051
42 61 127 146 231 250 316 335 392 430 515 534 600 657 667 733 771 837 866 904 942 1008 1056
41 59 124 142 225 243 308 373 380 463 499 517 582 636 690 708 791 809 881 917 953 1018 1061
40 57 121 185 219 236 300 364 415 449 483 547 564 615 666 730 764 828 849 930 964 1028 1066
39 55 118 181 213 276 292 355 403 435 514 530 593 641 689 705 784 800 864 896 975 991 1071
38 53 115 177 207 269 284 346 391 468 498 560 575 620 665 727 757 819 879 909 986 1001 1076
37 51 112 173 201 262 323 337 379 454 482 543 604 646 688 749 777 838 847 922 950 1011 1034
36 49 109 169 195 255 315 375 414 440 513 526 586 625 664 724 797 810 862 935 961 1021 1039
35 47 106 165 189 248 307 366 402 426 497 556 568 651 687 746 770 829 877 901 972 1031 1044
34 92 103 161 230 241 299 357 390 459 481 539 597 630 663 721 790 801 892 914 983 994 1049
33 90 100 157 224 281 291 348 378 445 512 522 579 656 686 743 763 820 860 927 947 1004 1054
32 88 97 153 218 274 283 339 413 431 496 552 608 635 662 718 783 839 875 893 958 1014 1059
31 86 94 149 212 267 322 330 401 464 480 535 590 614 685 740 756 811 890 906 969 1024 1064
30 84 138 145 206 260 314 368 389 450 511 518 572 640 661 715 776 830 858 919 980 987 1069
29 82 135 141 200 253 306 359 377 436 495 548 601 619 684 737 796 802 873 932 944 997 1074
28 80 132 184 194 246 298 350 412 469 479 531 583 645 660 712 769 821 888 898 955 1007 1079
27 78 129 180 188 239 290 341 400 455 510 561 565 624 683 734 789 840 856 911 966 1017 1037
26 76 126 176 229 279 282 332 388 441 494 544 594 650 659 709 762 812 871 924 977 1027 1042
25 74 123 172 223 272 321 370 376 427 478 527 576 629 682 731 782 831 886 937 941 990 1047
24 72 120 168 217 265 313 361 411 460 509 557 605 655 658 706 755 803 854 903 952 1000 1052
