67 134 151 268 335 402 469 535 602 666 682 777 836 905 974 1037 1112 1183 1235 1301 1361 1436 1475
66 133 201 267 327 396 466 531 597 658 719 745 824 888 954 1019 1086 1156 1216 1284 1344 1430 1493
41 89 149 226 282 345 413 536 603 667 735 788 812 880 944 1068 1130 1145 1260 1329 1397 1457 1483
5 80 148 214 281 375 410 497 549 623 685 768 869 915 980 1056 1117 1199 1258 1325 1395 1467 1508
38 114 179 246 307 358 456 522 569 668 708 755 831 893 962 1033 1101 1178 1229 1294 1348 1413 1534
22 87 178 225 295 346 418 505 541 625 673 770 845 923 996 1069 1134 1188 1263 1313 1380 1464 1478
40 117 197 233 305 381 453 491 598 640 713 760 835 895 986 1028 1087 1168 1218 1285 1359 1428 1520
4 70 135 207 299 347 441 488 581 622 683 764 853 909 997 1065 1122 1206 1264 1333 1404 1458 1484
36 100 156 209 302 355 412 513 553 615 674 763 862 935 992 1058 1119 1192 1241 1308 1373 1473 1496
58 116 188 229 321 387 443 494 592 636 715 761 841 911 960 1021 1088 1159 1221 1291 1349 1435 1516
65 123 195 266 326 391 452 529 590 664 689 743 814 884 949 1009 1080 1147 1214 1283 1343 1425 1541
18 107 160 215 308 363 411 478 550 646 681 786 852 931 990 1061 1129 1164 1252 1316 1371 1456 1492
21 86 155 231 278 348 406 484 575 629 691 784 868 924 1002 1055 1107 1191 1251 1319 1376 1442 1515
35 68 164 242 288 351 424 482 543 621 701 767 839 907 999 1040 1136 1204 1243 1318 1362 1472 1532
34 121 176 259 311 384 447 499 582 637 737 772 826 902 972 1036 1108 1165 1226 1286 1346 1410 1512
52 128 168 258 333 398 464 528 586 630 731 769 820 883 946 1010 1073 1151 1209 1296 1352 1451 1487
64 122 192 263 325 390 458 527 554 663 718 750 811 878 942 1007 1085 1155 1213 1279 1350 1424 1540
45 129 200 262 334 399 461 512 580 643 700 742 810 873 940 1017 1082 1140 1230 1298 1394 1438 1489
13 79 173 219 271 343 408 492 568 628 699 782 854 903 1005 1071 1116 1190 1271 1327 1391 1454 1480
55 112 161 253 313 386 451 515 583 659 724 765 827 889 955 1050 1094 1167 1217 1287 1341 1445 1482
33 72 166 232 303 337 409 486 538 632 676 778 856 914 993 1048 1133 1153 1247 1338 1403 1463 1527
51 127 187 223 330 397 432 521 579 642 712 759 844 892 959 1022 1103 1161 1228 1276 1364 1411 1524
60 125 191 260 332 388 457 503 563 660 710 758 817 882 945 1013 1083 1154 1211 1300 1355 1453 1501
54 132 196 257 331 401 422 510 591 665 734 744 805 879 943 1016 1081 1144 1225 1275 1365 1419 1530
63 130 198 264 319 400 462 485 601 614 727 794 808 874 951 1014 1075 1143 1207 1280 1342 1434 1535
61 126 194 261 324 354 460 526 595 656 707 754 807 876 941 1018 1084 1142 1212 1282 1358 1427 1539
57 131 190 265 290 374 455 518 571 662 717 766 821 875 939 1011 1079 1152 1227 1289 1370 1422 1538
30 95 163 218 287 370 405 474 565 638 677 797 858 928 998 1052 1128 1177 1250 1323 1368 1462 1476
25 94 146 211 292 357 438 476 556 617 706 780 863 920 994 1049 1105 1194 1236 1305 1407 1452 1511
50 111 165 249 316 389 437 509 572 654 721 751 825 904 961 1024 1104 1163 1233 1281 1353 1440 1507
27 113 153 204 279 372 429 477 547 618 711 785 859 906 989 1057 1096 1170 1262 1336 1398 1471 1477
20 84 174 216 297 341 431 490 545 624 728 757 857 921 987 1054 1118 1196 1253 1328 1385 1423 1494
28 99 144 224 280 362 415 487 548 604 680 799 849 919 978 1070 1135 1186 1240 1340 1383 1448 1513
62 91 186 248 310 380 440 508 567 633 733 776 830 900 965 1029 1106 1157 1224 1278 1345 1433 1529
7 77 152 234 273 336 436 472 573 627 672 801 837 929 1004 1038 1132 1187 1270 1334 1389 1429 1518
31 120 181 239 315 377 450 514 589 626 720 749 833 901 969 1026 1093 1158 1220 1309 1369 1408 1536
44 118 199 250 298 361 445 534 574 670 716 741 823 881 952 1008 1078 1150 1234 1311 1360 1441 1531
59 124 154 241 301 392 463 520 596 657 705 771 816 877 967 1031 1077 1176 1208 1303 1367 1409 1523
3 76 142 221 275 382 404 493 540 611 695 787 861 938 977 1064 1125 1203 1257 1312 1406 1474 1481
37 108 150 236 323 367 446 525 588 639 726 748 829 899 968 1032 1111 1181 1223 1274 1390 1431 1497
43 104 172 256 322 393 454 533 578 644 736 739 819 872 950 1025 1090 1149 1248 1310 1379 1416 1502
19 83 158 213 289 339 448 479 552 607 698 792 866 934 1001 1046 1124 1200 1259 1326 1366 1447 1491
16 85 182 210 270 342 421 504 551 619 694 804 838 937 976 1044 1115 1198 1269 1337 1377 1444 1504
32 105 143 205 283 373 423 495 558 609 687 789 851 922 975 1047 1099 1205 1267 1320 1387 1469 1495
10 92 141 206 306 352 407 502 560 605 692 800 850 908 982 1045 1131 1202 1246 1332 1402 1449 1506
9 106 145 222 277 365 416 483 544 631 688 790 840 933 979 1053 1138 1179 1272 1304 1401 1439 1526
39 103 139 203 291 350 414 473 561 612 675 803 870 927 983 1051 1127 1195 1239 1335 1374 1468 1498
49 98 189 255 317 376 428 516 566 645 722 752 848 890 957 1034 1095 1182 1210 1297 1354 1432 1519
46 90 159 228 272 344 403 481 562 613 690 783 871 912 995 1043 1110 1180 1273 1314 1405 1470 1485
23 93 184 252 309 383 449 517 587 661 732 753 828 896 963 1035 1091 1141 1242 1288 1375 1417 1514
17 82 157 237 284 349 435 471 570 620 684 773 842 925 1003 1072 1102 1184 1255 1322 1392 1465 1486
12 109 140 202 269 353 433 498 542 616 693 779 846 913 1000 1067 1126 1169 1268 1339 1396 1450 1499
11 73 138 227 285 359 417 507 539 608 704 796 867 936 970 1039 1139 1185 1249 1330 1393 1437 1521
6 75 136 238 296 356 442 480 537 635 696 793 847 916 981 1062 1098 1201 1261 1317 1382 1460 1503
42 110 167 235 304 379 459 524 577 649 730 747 832 897 964 1041 1089 1160 1222 1292 1378 1421 1510
48 97 183 245 329 378 425 511 585 647 697 774 815 894 971 1023 1100 1148 1238 1306 1372 1414 1525
26 115 180 251 320 385 434 530 599 669 702 738 809 887 953 1015 1092 1172 1237 1321 1363 1418 1522
24 71 171 208 294 360 427 475 555 641 671 775 865 932 991 1066 1114 1189 1266 1307 1381 1459 1479
15 88 147 212 293 338 419 500 557 651 703 781 860 910 958 1060 1113 1197 1265 1324 1386 1443 1500
53 119 177 230 328 371 467 532 600 650 723 762 813 891 948 1042 1074 1146 1244 1293 1347 1412 1505
47 101 162 254 300 394 430 519 593 655 678 740 822 885 973 1012 1123 1174 1215 1299 1356 1461 1517
1 96 169 220 274 340 444 496 559 610 709 802 843 917 966 1063 1120 1193 1256 1302 1399 1426 1509
29 102 185 243 312 369 439 506 594 648 729 756 834 898 956 1027 1097 1171 1231 1295 1351 1415 1528
2 74 170 217 286 366 420 470 546 634 714 791 855 926 988 1030 1121 1175 1254 1331 1388 1466 1490
14 81 193 244 314 364 468 489 576 653 725 746 806 918 984 1020 1109 1173 1219 1290 1384 1420 1533
56 78 175 247 318 395 465 523 584 652 679 798 818 886 947 1006 1076 1162 1232 1277 1357 1446 1537
8 69 137 240 276 368 426 501 564 606 686 795 864 930 985 1059 1137 1166 1245 1315 1400 1455 1488
