51 77 148 268 335 400 469 532 601 660 706 772 838 906 968 1040 1108 1178 1236 1305 1341
50 134 201 265 331 393 458 522 587 644 705 756 818 884 953 1022 1085 1151 1218 1296 1357
38 111 147 213 297 401 415 533 602 661 711 746 811 877 999 1007 1134 1191 1246 1323 1345
26 74 143 233 293 352 425 483 541 609 708 804 867 913 987 1043 1132 1199 1259 1308 1391
32 103 172 245 321 386 449 534 580 662 681 761 837 899 956 1025 1090 1156 1225 1286 1386
7 95 141 226 274 346 448 475 552 608 731 774 868 928 997 1046 1116 1206 1266 1331 1352
33 110 180 266 309 394 426 528 579 655 693 760 821 901 957 1010 1107 1172 1214 1276 1395
19 69 173 223 278 370 424 509 538 605 735 798 839 932 998 1035 1110 1190 1248 1339 1353
9 68 162 206 291 360 440 478 549 646 696 784 869 918 989 1048 1113 1183 1273 1329 1376
25 112 197 241 305 378 435 515 581 642 713 771 824 892 963 1026 1098 1157 1230 1301 1384
67 133 196 264 325 385 461 530 599 647 672 748 815 879 939 1053 1075 1149 1207 1290 1349
27 93 186 222 300 350 409 474 568 610 716 795 850 914 1004 1028 1115 1188 1272 1320 1343
6 92 145 246 283 347 421 504 547 611 732 803 842 912 982 1055 1131 1197 1245 1316 1365
15 86 142 218 270 374 427 476 563 649 698 779 862 930 973 1049 1138 1195 1247 1325 1360
30 127 174 260 320 373 431 517 588 670 686 765 830 891 954 1032 1088 1160 1222 1278 1399
66 125 194 254 323 392 465 536 551 664 703 754 813 878 944 1009 1076 1143 1210 1311 1377
56 132 200 263 330 391 456 486 598 643 701 742 809 883 942 1006 1074 1148 1234 1282 1401
42 130 198 267 311 395 460 508 567 636 695 741 807 881 948 1011 1099 1170 1232 1303 1372
23 100 171 204 275 342 429 503 554 617 724 801 856 911 981 1054 1126 1189 1258 1313 1355
59 106 163 252 314 383 443 510 586 648 689 766 822 904 967 1037 1089 1154 1224 1284 1383
13 90 154 244 279 345 408 471 572 620 715 790 857 934 984 1061 1121 1205 1253 1330 1347
37 117 185 238 332 362 442 523 595 652 688 758 832 887 974 1016 1094 1167 1208 1283 1394
61 129 199 262 322 387 437 496 589 629 680 751 814 882 940 1015 1080 1177 1240 1292 1388
47 124 193 259 334 354 468 491 600 659 692 740 806 876 951 1014 1078 1150 1212 1317 1405
65 118 183 257 333 398 422 535 596 615 702 745 810 874 943 1019 1081 1146 1217 1327 1390
64 131 192 261 286 390 463 527 592 630 685 744 808 873 949 1018 1079 1142 1250 1279 1407
49 128 195 220 329 384 455 519 597 669 676 739 805 875 952 1020 1083 1144 1239 1285 1406
2 71 168 203 288 341 438 507 566 626 730 800 854 936 972 1064 1124 1165 1270 1315 1342
14 99 140 225 295 368 413 494 561 628 723 777 841 922 975 1068 1114 1179 1257 1312 1374
63 122 191 231 312 367 439 524 578 650 683 759 835 894 960 1031 1087 1158 1211 1280 1402
24 75 149 215 287 355 419 511 575 638 728 789 848 908 978 1060 1137 1200 1233 1310 1350
21 109 152 236 282 358 414 473 546 618 727 788 859 925 996 1052 1109 1186 1254 1328 1359
52 91 150 216 290 349 423 485 548 651 691 787 865 929 1002 1047 1101 1185 1229 1332 1348
46 121 158 250 319 376 459 502 594 666 677 770 820 890 979 1023 1086 1145 1213 1300 1397
35 89 137 239 269 357 418 499 544 607 710 776 845 937 1003 1067 1111 1193 1271 1334 1346
55 126 170 235 296 382 452 512 591 633 697 764 828 886 959 1036 1104 1152 1238 1275 1393
41 123 184 242 303 371 464 506 585 668 671 753 827 897 966 1027 1093 1164 1215 1289 1381
60 96 179 243 318 399 451 531 593 625 694 750 816 880 946 1013 1103 1159 1244 1281 1396
5 85 159 230 304 343 430 479 550 663 682 802 861 919 994 1066 1122 1174 1263 1307 1344
54 107 190 253 317 372 446 521 553 658 679 757 819 898 976 1030 1120 1141 1231 1298 1366
17 116 189 251 316 402 441 520 584 667 700 752 817 872 941 1008 1105 1153 1220 1302 1404
12 88 136 212 273 381 405 477 545 614 729 799 851 933 988 1069 1133 1182 1264 1340 1351
11 84 153 209 277 340 453 482 559 616 721 797 860 927 962 1072 1106 1201 1256 1322 1369
18 83 135 202 308 359 406 489 564 604 733 794 853 916 971 1042 1139 1198 1267 1337 1362
4 98 161 227 272 337 432 488 537 619 707 793 864 907 992 1057 1135 1203 1262 1309 1382
31 104 160 210 294 344 416 470 571 640 712 773 847 920 1005 1051 1112 1196 1237 1326 1363
16 82 178 221 276 339 407 490 558 613 734 778 846 924 983 1045 1123 1204 1265 1338 1358
45 108 169 255 299 379 450 516 573 645 722 769 829 902 964 1012 1091 1173 1221 1299 1364
43 81 157 214 281 353 420 495 543 634 704 783 858 917 1000 1070 1117 1176 1249 1314 1371
28 115 188 240 324 397 467 525 560 653 684 762 823 889 970 1029 1073 1140 1226 1274 1403
10 114 151 211 284 361 403 501 540 606 736 791 840 921 985 1041 1128 1202 1269 1333 1354
29 87 167 208 280 366 428 480 542 621 719 785 844 910 980 1059 1130 1187 1268 1318 1373
39 70 138 217 292 338 412 472 539 632 726 781 871 935 977 1058 1136 1194 1243 1336 1368
20 79 164 224 298 363 410 484 557 631 720 786 852 896 1001 1056 1118 1168 1242 1324 1389
57 94 182 249 310 388 457 500 603 622 674 763 825 885 990 1034 1097 1166 1227 1277 1392
48 119 166 228 326 380 454 518 583 635 709 749 843 888 965 1044 1082 1169 1209 1291 1375
44 105 177 258 313 375 466 498 569 657 687 768 831 923 961 1021 1084 1147 1228 1294 1367
34 97 144 232 289 356 404 493 556 612 718 782 855 909 993 1065 1129 1181 1252 1287 1385
22 72 146 229 271 348 434 487 577 627 737 792 849 926 969 1062 1125 1184 1241 1319 1361
58 113 187 237 301 396 447 529 570 665 675 738 826 895 950 1033 1100 1161 1223 1288 1380
53 102 175 234 327 365 444 526 562 654 678 755 836 905 945 1038 1077 1163 1261 1304 1379
3 76 165 207 285 336 411 492 582 624 714 796 863 938 991 1071 1119 1171 1260 1321 1356
36 120 176 248 307 369 462 505 576 639 673 767 833 893 955 1039 1102 1155 1235 1297 1387
8 78 155 219 315 351 417 481 565 637 717 775 866 931 986 1063 1096 1192 1216 1306 1398
62 101 181 247 302 377 433 514 590 656 690 743 834 915 958 1024 1095 1162 1219 1293 1370
40 73 139 256 328 389 445 513 574 641 699 747 812 903 947 1017 1092 1175 1255 1335 1400
1 80 156 205 306 364 436 497 555 623 725 780 870 900 995 1050 1127 1180 1251 1295 1378
