44 107 170 255 314 379 458 514 581 657 706 752 820 905 989 1010 1077 1144 1252 1319 1386 1446 1502 1541 1623 1702 1793 1809 1899 1977 2066 2113 2170 2269 2303 2345 2419 2518 2607 2675 2718 2747 2817 2908 3009
35 101 197 252 310 383 449 502 588 634 716 769 840 896 975 1011 1078 1145 1251 1318 1385 1407 1513 1553 1659 1692 1783 1810 1900 1967 2065 2112 2179 2237 2314 2371 2448 2508 2584 2613 2731 2775 2875 2896 2984
45 99 195 241 329 385 432 497 597 644 693 783 831 916 963 1028 1079 1179 1235 1317 1356 1408 1487 1572 1658 1715 1766 1811 1884 1968 2064 2126 2178 2251 2287 2392 2435 2532 2565 2640 2697 2798 2849 2927 2963
57 97 165 260 297 387 463 494 594 649 700 760 827 910 983 1029 1112 1151 1234 1289 1380 1409 1495 1554 1657 1708 1782 1835 1876 1987 2041 2133 2161 2257 2278 2393 2430 2540 2564 2641 2732 2762 2848 2895 2996
60 110 164 254 320 365 461 505 579 618 707 784 855 904 962 1045 1080 1171 1220 1316 1363 1410 1481 1564 1656 1720 1773 1812 1919 1951 2063 2095 2193 2258 2304 2359 2429 2517 2595 2656 2698 2787 2834 2926 2973
65 122 185 244 318 388 427 500 567 619 717 770 854 895 974 1054 1102 1146 1212 1298 1384 1411 1474 1542 1655 1726 1792 1853 1908 1943 2025 2105 2200 2211 2305 2382 2473 2516 2574 2676 2707 2748 2816 2918 3008
63 130 177 235 312 370 453 507 572 620 694 776 853 915 969 1030 1113 1164 1233 1288 1369 1412 1475 1543 1654 1725 1791 1813 1920 1956 2062 2094 2189 2212 2306 2372 2472 2515 2583 2642 2719 2776 2847 2907 2983
49 123 196 231 306 368 437 524 585 621 701 761 852 909 982 1040 1089 1180 1224 1309 1355 1429 1476 1581 1638 1724 1758 1814 1891 1978 2061 2120 2169 2213 2288 2373 2471 2531 2582 2657 2689 2799 2833 2934 2962
66 109 166 239 328 362 460 519 571 635 688 785 839 920 961 1046 1096 1155 1219 1303 1377 1430 1514 1549 1637 1691 1786 1815 1901 1957 2060 2111 2188 2238 2279 2394 2447 2539 2563 2663 2680 2800 2828 2942 2961
50 118 174 250 327 372 454 513 562 622 718 757 851 894 985 1012 1103 1181 1250 1297 1354 1447 1477 1573 1622 1723 1765 1816 1885 1969 2059 2125 2177 2214 2326 2354 2470 2497 2599 2664 2708 2763 2827 2917 2995
33 126 168 248 309 393 452 512 573 650 695 753 826 914 988 1013 1114 1165 1249 1287 1368 1456 1503 1544 1614 1701 1790 1817 1877 1944 2058 2132 2199 2259 2315 2346 2428 2507 2606 2614 2709 2788 2874 2916 2972
32 104 181 262 302 382 446 520 591 636 708 762 838 903 981 1014 1090 1172 1248 1308 1362 1431 1515 1565 1636 1690 1772 1818 1878 1945 2057 2131 2198 2215 2327 2360 2469 2496 2594 2615 2710 2777 2873 2915 2982
54 129 179 227 321 380 462 506 568 645 689 786 830 919 960 1015 1097 1156 1247 1302 1376 1441 1488 1582 1627 1714 1757 1836 1879 1988 2040 2130 2160 2216 2295 2383 2468 2525 2573 2616 2690 2778 2872 2933 2981
38 117 172 245 296 396 459 521 576 651 685 787 825 922 959 1031 1084 1182 1232 1313 1353 1448 1496 1555 1621 1707 1781 1837 1921 1952 2039 2093 2192 2217 2307 2361 2467 2514 2593 2643 2681 2801 2846 2941 2960
64 106 198 232 303 373 456 508 577 652 709 763 824 902 980 1016 1115 1152 1246 1286 1379 1413 1504 1583 1653 1700 1756 1854 1880 1979 2024 2129 2168 2218 2289 2374 2466 2530 2581 2617 2733 2757 2871 2894 3000
62 111 180 249 298 369 443 529 574 623 719 788 850 893 958 1047 1091 1147 1218 1307 1383 1414 1516 1566 1652 1689 1771 1863 1909 1946 2016 2104 2197 2219 2280 2347 2465 2538 2605 2665 2720 2749 2826 2906 3007
42 119 175 247 308 392 428 528 580 624 720 789 849 892 957 1032 1104 1157 1231 1296 1375 1415 1489 1574 1651 1713 1764 1838 1922 1970 2038 2092 2176 2220 2281 2348 2464 2537 2604 2618 2734 2764 2870 2893 2994
31 103 191 230 325 378 457 515 586 625 721 777 848 891 968 1041 1085 1183 1223 1312 1352 1416 1497 1556 1650 1706 1780 1848 1892 1989 2029 2119 2159 2239 2282 2395 2446 2536 2562 2619 2699 2789 2869 2925 2971
47 131 186 226 319 375 439 501 593 626 710 790 847 901 956 1048 1081 1184 1217 1315 1351 1432 1482 1584 1635 1719 1755 1855 1902 1958 2023 2110 2187 2240 2328 2355 2445 2495 2598 2620 2711 2765 2868 2914 2993
56 113 200 240 313 364 429 511 592 627 722 771 846 890 973 1049 1105 1158 1216 1295 1374 1417 1517 1550 1649 1688 1785 1819 1910 1990 2056 2103 2158 2260 2283 2384 2427 2535 2572 2621 2691 2779 2867 2932 2980
55 112 182 251 301 381 441 526 565 637 696 791 837 913 955 1017 1116 1185 1245 1285 1350 1449 1490 1545 1620 1712 1789 1820 1923 1971 2055 2091 2175 2270 2316 2349 2418 2506 2603 2622 2682 2750 2866 2940 3006
48 100 176 253 311 376 430 522 596 638 723 764 836 889 979 1018 1117 1186 1244 1284 1349 1433 1505 1557 1634 1699 1779 1821 1893 1980 2054 2118 2167 2241 2329 2375 2444 2494 2580 2623 2683 2751 2865 2939 3005
34 128 169 258 304 386 448 516 563 646 697 792 829 912 954 1019 1118 1173 1243 1283 1361 1442 1483 1585 1626 1718 1754 1822 1903 1959 2053 2109 2186 2252 2296 2396 2434 2524 2561 2644 2684 2802 2845 2938 2959
58 127 189 228 323 361 447 496 575 653 711 765 823 900 978 1020 1106 1187 1242 1294 1348 1450 1478 1586 1619 1722 1753 1839 1886 1991 2037 2124 2157 2261 2308 2362 2426 2513 2592 2645 2735 2758 2844 2892 2999
43 120 184 238 326 371 431 523 569 628 724 778 845 888 967 1021 1119 1166 1241 1282 1367 1451 1506 1558 1618 1698 1778 1823 1924 1953 2052 2090 2191 2221 2317 2397 2463 2505 2560 2666 2685 2790 2825 2937 2970
39 132 193 233 307 360 442 509 589 629 702 779 844 908 966 1033 1092 1188 1230 1306 1347 1418 1518 1587 1648 1687 1752 1856 1894 1947 2022 2117 2196 2222 2330 2376 2462 2493 2579 2677 2721 2752 2815 2905 3004
41 114 190 243 300 377 440 530 578 630 703 772 843 907 972 1034 1120 1159 1229 1281 1373 1419 1519 1588 1647 1686 1751 1840 1911 1960 2036 2102 2185 2223 2297 2385 2461 2523 2571 2646 2736 2780 2843 2891 2979
46 125 188 234 317 374 444 517 566 639 690 793 835 918 953 1042 1093 1189 1222 1305 1346 1420 1520 1575 1646 1685 1763 1849 1887 1992 2028 2123 2156 2224 2309 2363 2460 2512 2591 2658 2700 2803 2832 2924 2958
36 116 194 257 315 363 435 499 590 640 725 758 834 887 984 1050 1107 1160 1215 1293 1372 1421 1507 1589 1645 1697 1750 1857 1881 1993 2021 2128 2155 2242 2290 2398 2443 2529 2559 2667 2712 2766 2824 2913 2992
52 105 192 259 293 395 451 495 564 654 686 780 822 921 965 1022 1121 1174 1240 1280 1360 1422 1521 1567 1644 1684 1770 1858 1912 1961 2020 2101 2184 2225 2331 2356 2459 2492 2597 2624 2722 2804 2864 2904 2957
59 133 171 237 295 394 436 518 561 658 704 754 819 906 987 1023 1098 1175 1239 1301 1359 1434 1491 1590 1633 1711 1749 1824 1925 1994 2051 2089 2154 2262 2298 2350 2425 2522 2602 2625 2737 2781 2863 2890 2978
61 121 173 229 305 384 434 503 595 641 712 773 833 899 971 1024 1099 1167 1238 1300 1366 1435 1522 1559 1632 1683 1777 1825 1926 1995 2050 2088 2153 2243 2318 2364 2442 2504 2590 2626 2701 2791 2862 2923 2969
30 108 199 256 322 367 433 527 570 647 691 774 828 917 970 1035 1086 1190 1228 1311 1345 1443 1492 1591 1625 1710 1748 1826 1927 1981 2049 2087 2166 2253 2291 2399 2433 2528 2558 2627 2713 2767 2861 2912 2991
40 102 183 246 316 389 445 504 584 655 713 755 821 898 986 1036 1122 1153 1227 1279 1378 1452 1508 1560 1617 1696 1776 1827 1913 1996 2048 2100 2152 2263 2284 2400 2424 2534 2557 2647 2692 2805 2842 2931 2956
53 115 178 236 324 391 438 498 583 631 726 766 842 886 977 1051 1082 1176 1214 1314 1358 1423 1523 1576 1643 1682 1762 1828 1928 1972 2047 2086 2174 2264 2319 2365 2423 2503 2589 2628 2738 2759 2860 2889 2998
37 98 167 261 299 390 450 525 587 632 698 781 841 911 964 1055 1100 1148 1211 1299 1382 1424 1498 1577 1642 1705 1761 1841 1895 1997 2035 2116 2151 2226 2332 2401 2458 2491 2556 2668 2702 2753 2823 2922 3003
51 124 187 242 294 366 455 510 582 642 714 767 832 897 976 1037 1108 1168 1226 1292 1365 1425 1499 1568 1641 1704 1769 1842 1929 1962 2034 2085 2183 2227 2333 2402 2457 2490 2555 2648 2723 2768 2841 2903 2990
29 96 163 263 330 397 422 491 560 633 705 782 860 924 990 1043 1087 1169 1221 1310 1364 1436 1484 1592 1631 1717 1747 1850 1896 1998 2027 2115 2150 2228 2334 2386 2456 2489 2570 2659 2693 2806 2831 2930 2955
28 95 162 264 331 398 424 489 558 643 715 756 859 923 994 1052 1109 1149 1213 1291 1381 1437 1524 1551 1630 1681 1784 1859 1914 1963 2019 2099 2182 2229 2320 2403 2455 2502 2554 2669 2686 2807 2822 2936 2954
27 94 161 265 332 399 423 493 557 648 692 775 858 926 991 1025 1123 1161 1237 1278 1371 1453 1479 1578 1616 1721 1760 1829 1930 1982 2046 2084 2165 2230 2335 2377 2454 2488 2578 2670 2724 2769 2821 2902 2989
26 93 160 266 333 400 426 492 556 656 699 759 857 925 993 1026 1094 1177 1236 1304 1357 1457 1500 1546 1613 1703 1788 1830 1904 1983 2045 2108 2164 2244 2299 2404 2441 2521 2553 2629 2739 2808 2859 2888 2953
25 92 159 267 334 401 425 490 559 659 687 768 856 927 992 1038 1110 1162 1225 1290 1370 1438 1509 1569 1629 1695 1768 1831 1905 1973 2044 2107 2173 2245 2336 2366 2440 2487 2588 2630 2740 2809 2858 2887 2952
24 91 158 225 292 359 464 531 598 660 727 794 814 883 952 1027 1101 1178 1257 1321 1387 1444 1485 1570 1624 1716 1767 1843 1888 1999 2033 2122 2149 2254 2300 2405 2432 2520 2552 2631 2741 2792 2857 2886 2968
23 90 157 224 291 358 465 532 599 661 728 795 816 881 950 1039 1111 1150 1256 1320 1391 1454 1510 1547 1615 1694 1787 1844 1931 1954 2032 2083 2190 2265 2321 2367 2422 2501 2587 2632 2725 2810 2856 2901 2951
22 89 156 223 290 357 466 533 600 662 729 796 815 885 949 1044 1088 1170 1255 1323 1388 1426 1525 1561 1640 1680 1775 1860 1882 1984 2018 2127 2163 2231 2337 2387 2453 2486 2569 2633 2742 2782 2855 2885 2977
21 88 155 222 289 356 467 534 601 663 730 797 818 884 948 1053 1095 1154 1254 1322 1390 1427 1493 1579 1639 1709 1759 1864 1906 1948 2015 2106 2195 2232 2310 2388 2452 2511 2568 2649 2703 2811 2840 2921 2950
20 87 154 221 288 355 468 535 602 664 731 798 817 882 951 1056 1083 1163 1253 1324 1389 1439 1511 1562 1628 1693 1774 1845 1915 1974 2031 2098 2172 2233 2311 2378 2451 2510 2577 2650 2743 2770 2839 2884 2988
19 86 153 220 287 354 421 488 555 665 732 799 861 928 995 1057 1124 1191 1206 1275 1344 1428 1501 1580 1664 1728 1794 1851 1889 1975 2026 2121 2171 2246 2292 2406 2439 2527 2551 2660 2704 2812 2830 2920 2949
18 85 152 219 286 353 420 487 554 666 733 800 862 929 996 1058 1125 1192 1208 1273 1342 1440 1512 1548 1663 1727 1798 1861 1916 1949 2017 2097 2194 2247 2338 2357 2438 2485 2596 2671 2726 2771 2820 2900 2987
17 84 151 218 285 352 419 486 553 667 734 801 863 930 997 1059 1126 1193 1207 1277 1341 1445 1486 1571 1662 1730 1795 1832 1932 1964 2043 2082 2181 2266 2285 2389 2421 2533 2567 2634 2744 2793 2854 2883 2967
16 83 150 217 284 351 418 485 552 668 735 802 864 931 998 1060 1127 1194 1210 1276 1340 1455 1494 1552 1661 1729 1797 1833 1897 1985 2042 2114 2162 2271 2312 2351 2417 2509 2601 2635 2714 2794 2853 2911 2966
15 82 149 216 283 350 417 484 551 669 736 803 865 932 999 1061 1128 1195 1209 1274 1343 1458 1480 1563 1660 1731 1796 1846 1917 1965 2030 2096 2180 2248 2322 2379 2437 2500 2576 2636 2715 2783 2852 2910 2976
14 81 148 215 282 349 416 483 550 617 684 751 866 933 1000 1062 1129 1196 1258 1325 1392 1459 1526 1593 1608 1677 1746 1834 1907 1986 2071 2135 2201 2255 2293 2380 2431 2526 2575 2651 2694 2813 2838 2929 2948
13 80 147 214 281 348 415 482 549 616 683 750 867 934 1001 1063 1130 1197 1259 1326 1393 1460 1527 1594 1610 1675 1744 1847 1918 1950 2070 2134 2205 2267 2323 2352 2420 2499 2600 2652 2745 2760 2837 2882 2997
12 79 146 213 280 347 414 481 548 615 682 749 868 935 1002 1064 1131 1198 1260 1327 1394 1461 1528 1595 1609 1679 1743 1852 1890 1976 2069 2137 2202 2234 2339 2368 2450 2484 2586 2672 2687 2795 2819 2935 2965
11 78 145 212 279 346 413 480 547 614 681 748 869 936 1003 1065 1132 1199 1261 1328 1395 1462 1529 1596 1612 1678 1742 1862 1898 1955 2068 2136 2204 2235 2301 2390 2449 2519 2566 2678 2716 2754 2814 2909 3002
10 77 144 211 278 345 412 479 546 613 680 747 870 937 1004 1066 1133 1200 1262 1329 1396 1463 1530 1597 1611 1676 1745 1865 1883 1966 2067 2138 2203 2249 2324 2369 2436 2498 2585 2653 2727 2784 2836 2899 2975
9 76 143 210 277 344 411 478 545 612 679 746 813 880 947 1067 1134 1201 1263 1330 1397 1464 1531 1598 1665 1732 1799 1866 1933 2000 2010 2079 2148 2236 2313 2391 2478 2542 2608 2661 2695 2785 2829 2928 2974
8 75 142 209 276 343 410 477 544 611 678 745 812 879 946 1068 1135 1202 1264 1331 1398 1465 1532 1599 1666 1733 1800 1867 1934 2001 2012 2077 2146 2250 2325 2353 2477 2541 2612 2673 2728 2755 2818 2898 3001
7 74 141 208 275 342 409 476 543 610 677 744 811 878 945 1069 1136 1203 1265 1332 1399 1466 1533 1600 1667 1734 1801 1868 1935 2002 2011 2081 2145 2256 2294 2381 2476 2544 2609 2637 2746 2772 2851 2881 2986
6 73 140 207 274 341 408 475 542 609 676 743 810 877 944 1070 1137 1204 1266 1333 1400 1467 1534 1601 1668 1735 1802 1869 1936 2003 2014 2080 2144 2268 2302 2358 2475 2543 2611 2638 2705 2796 2850 2919 2964
5 72 139 206 273 340 407 474 541 608 675 742 809 876 943 1071 1138 1205 1267 1334 1401 1468 1535 1602 1669 1736 1803 1870 1937 2004 2013 2078 2147 2272 2286 2370 2474 2545 2610 2654 2729 2773 2835 2897 2985
4 71 138 205 272 339 406 473 540 607 674 741 808 875 942 1009 1076 1143 1268 1335 1402 1469 1536 1603 1670 1737 1804 1871 1938 2005 2072 2139 2206 2273 2340 2407 2412 2481 2550 2639 2717 2797 2880 2944 3010
3 70 137 204 271 338 405 472 539 606 673 740 807 874 941 1008 1075 1142 1269 1336 1403 1470 1537 1604 1671 1738 1805 1872 1939 2006 2073 2140 2207 2274 2341 2408 2414 2479 2548 2655 2730 2756 2879 2943 3014
2 69 136 203 270 337 404 471 538 605 672 739 806 873 940 1007 1074 1141 1270 1337 1404 1471 1538 1605 1672 1739 1806 1873 1940 2007 2074 2141 2208 2275 2342 2409 2413 2483 2547 2662 2696 2786 2878 2946 3011
1 68 135 202 269 336 403 470 537 604 671 738 805 872 939 1006 1073 1140 1271 1338 1405 1472 1539 1606 1673 1740 1807 1874 1941 2008 2075 2142 2209 2276 2343 2410 2416 2482 2546 2674 2706 2761 2877 2945 3013
0 67 134 201 268 335 402 469 536 603 670 737 804 871 938 1005 1072 1139 1272 1339 1406 1473 1540 1607 1674 1741 1808 1875 1942 2009 2076 2143 2210 2277 2344 2411 2415 2480 2549 2679 2688 2774 2876 2947 3012
