1 69 139 208 276 346 414 484 553 621 690 760 829 898 966 1035 1104 1173 1243 1311 1381 1449 1518 1587 1656 1725 1794 1864 1933 2001 2071 2140 2209 2277 2345 2409 2474 2539 2605 2669 2734 2800 2865 2930 2995 3060 3125 3189 3255 3319 3385 3450 3515 3580 3644 3709 3774 3840 3905 3969 4034 4100 4164 4230 4294 4359 4425
3 68 136 206 275 343 413 481 551 620 688 757 827 896 965 1033 1102 1171 1240 1310 1378 1448 1516 1585 1654 1723 1792 1861 1931 2000 2068 2138 2207 2276 2344 2412 2476 2541 2606 2672 2736 2801 2867 2932 2997 3062 3127 3192 3256 3322 3386 3452 3517 3582 3647 3711 3776 3841 3907 3972 4036 4101 4167 4231 4297 4361 4426
4 70 135 203 273 342 410 480 548 618 687 755 824 894 963 1032 1100 1169 1238 1307 1377 1445 1515 1583 1652 1721 1790 1859 1928 1998 2067 2135 2205 2274 2343 2411 2479 2543 2608 2673 2739 2803 2868 2934 2999 3064 3129 3194 3259 3323 3389 3453 3519 3584 3649 3714 3778 3843 3908 3974 4039 4103 4168 4234 4298 4364 4428
6 71 137 202 270 340 409 477 547 615 685 754 822 891 961 1030 1099 1167 1236 1305 1374 1444 1512 1582 1650 1719 1788 1857 1926 1995 2065 2134 2202 2272 2341 2410 2478 2546 2610 2675 2740 2806 2870 2935 3001 3066 3131 3196 3261 3326 3390 3456 3520 3586 3651 3716 3781 3845 3910 3975 4041 4106 4170 4235 4301 4365 4431
9 73 138 204 269 337 407 476 544 614 682 752 821 889 958 1028 1097 1166 1234 1303 1372 1441 1511 1579 1649 1717 1786 1855 1924 1993 2062 2132 2201 2269 2339 2408 2477 2545 2613 2677 2742 2807 2873 2937 3002 3068 3133 3198 3263 3328 3393 3457 3523 3587 3653 3718 3783 3848 3912 3977 4042 4108 4173 4237 4302 4368 4432
10 76 140 205 271 336 404 474 543 611 681 749 819 888 956 1025 1095 1164 1233 1301 1370 1439 1508 1578 1646 1716 1784 1853 1922 1991 2060 2129 2199 2268 2336 2406 2475 2544 2612 2680 2744 2809 2874 2940 3004 3069 3135 3200 3265 3330 3395 3460 3524 3590 3654 3720 3785 3850 3915 3979 4044 4109 4175 4240 4304 4369 4435
13 77 143 207 272 338 403 471 541 610 678 748 816 886 955 1023 1092 1162 1231 1300 1368 1437 1506 1575 1645 1713 1783 1851 1920 1989 2058 2127 2196 2266 2335 2403 2473 2542 2611 2679 2747 2811 2876 2941 3007 3071 3136 3202 3267 3332 3397 3462 3527 3591 3657 3721 3787 3852 3917 3982 4046 4111 4176 4242 4307 4371 4436
14 80 144 210 274 339 405 470 538 608 677 745 815 883 953 1022 1090 1159 1229 1298 1367 1435 1504 1573 1642 1712 1780 1850 1918 1987 2056 2125 2194 2263 2333 2402 2470 2540 2609 2678 2746 2814 2878 2943 3008 3074 3138 3203 3269 3334 3399 3464 3529 3594 3658 3724 3788 3854 3919 3984 4049 4113 4178 4243 4309 4374 4438
16 81 147 211 277 341 406 472 537 605 675 744 812 882 950 1020 1089 1157 1226 1296 1365 1434 1502 1571 1640 1709 1779 1847 1917 1985 2054 2123 2192 2261 2330 2400 2469 2537 2607 2676 2745 2813 2881 2945 3010 3075 3141 3205 3270 3336 3401 3466 3531 3596 3661 3725 3791 3855 3921 3986 4051 4116 4180 4245 4310 4376 4441
19 83 148 214 278 344 408 473 539 604 672 742 811 879 949 1017 1087 1156 1224 1293 1363 1432 1501 1569 1638 1707 1776 1846 1914 1984 2052 2121 2190 2259 2328 2397 2467 2536 2604 2674 2743 2812 2880 2948 3012 3077 3142 3208 3272 3337 3403 3468 3533 3598 3663 3728 3792 3858 3922 3988 4053 4118 4183 4247 4312 4377 4443
21 86 150 215 281 345 411 475 540 606 671 739 809 878 946 1016 1084 1154 1223 1291 1360 1430 1499 1568 1636 1705 1774 1843 1913 1981 2051 2119 2188 2257 2326 2395 2464 2534 2603 2671 2741 2810 2879 2947 3015 3079 3144 3209 3275 3339 3404 3470 3535 3600 3665 3730 3795 3859 3925 3989 4055 4120 4185 4250 4314 4379 4444
22 88 153 217 282 348 412 478 542 607 673 738 806 876 945 1013 1083 1151 1221 1290 1358 1427 1497 1566 1635 1703 1772 1841 1910 1980 2048 2118 2186 2255 2324 2393 2462 2531 2601 2670 2738 2808 2877 2946 3014 3082 3146 3211 3276 3342 3406 3471 3537 3602 3667 3732 3797 3862 3926 3992 4056 4122 4187 4252 4317 4381 4446
24 89 155 220 284 349 415 479 545 609 674 740 805 873 943 1012 1080 1150 1218 1288 1357 1425 1494 1564 1633 1702 1770 1839 1908 1977 2047 2115 2185 2253 2322 2391 2460 2529 2598 2668 2737 2805 2875 2944 3013 3081 3149 3213 3278 3343 3409 3473 3538 3604 3669 3734 3799 3864 3929 3993 4059 4123 4189 4254 4319 4384 4448
26 91 156 222 287 351 416 482 546 612 676 741 807 872 940 1010 1079 1147 1217 1285 1355 1424 1492 1561 1631 1700 1769 1837 1906 1975 2044 2114 2182 2252 2320 2389 2458 2527 2596 2665 2735 2804 2872 2942 3011 3080 3148 3216 3280 3345 3410 3476 3540 3605 3671 3736 3801 3866 3931 3996 4060 4126 4190 4256 4321 4386 4451
29 93 158 223 289 354 418 483 549 613 679 743 808 874 939 1007 1077 1146 1214 1284 1352 1422 1491 1559 1628 1698 1767 1836 1904 1973 2042 2111 2181 2249 2319 2387 2456 2525 2594 2663 2732 2802 2871 2939 3009 3078 3147 3215 3283 3347 3412 3477 3543 3607 3672 3738 3803 3868 3933 3998 4063 4127 4193 4257 4323 4388 4453
31 96 160 225 290 356 421 485 550 616 680 746 810 875 941 1006 1074 1144 1213 1281 1351 1419 1489 1558 1626 1695 1765 1834 1903 1971 2040 2109 2178 2248 2316 2386 2454 2523 2592 2661 2730 2799 2869 2938 3006 3076 3145 3214 3282 3350 3414 3479 3544 3610 3674 3739 3805 3870 3935 4000 4065 4130 4194 4260 4324 4390 4455
33 98 163 227 292 357 423 488 552 617 683 747 813 877 942 1008 1073 1141 1211 1280 1348 1418 1486 1556 1625 1693 1762 1832 1901 1970 2038 2107 2176 2245 2315 2383 2453 2521 2590 2659 2728 2797 2866 2936 3005 3073 3143 3212 3281 3349 3417 3481 3546 3611 3677 3741 3806 3872 3937 4002 4067 4132 4197 4261 4327 4391 4457
35 100 165 230 294 359 424 490 555 619 684 750 814 880 944 1009 1075 1140 1208 1278 1347 1415 1485 1553 1623 1692 1760 1829 1899 1968 2037 2105 2174 2243 2312 2382 2450 2520 2588 2657 2726 2795 2864 2933 3003 3072 3140 3210 3279 3348 3416 3484 3548 3613 3678 3744 3808 3873 3939 4004 4069 4134 4199 4264 4328 4394 4458
36 102 167 232 297 361 426 491 557 622 686 751 817 881 947 1011 1076 1142 1207 1275 1345 1414 1482 1552 1620 1690 1759 1827 1896 1966 2035 2104 2172 2241 2310 2379 2449 2517 2587 2655 2724 2793 2862 2931 3000 3070 3139 3207 3277 3346 3415 3483 3551 3615 3680 3745 3811 3875 3940 4006 4071 4136 4201 4266 4331 4395 4461
39 103 169 234 299 364 428 493 558 624 689 753 818 884 948 1014 1078 1143 1209 1274 1342 1412 1481 1549 1619 1687 1757 1826 1894 1963 2033 2102 2171 2239 2308 2377 2446 2516 2584 2654 2722 2791 2860 2929 2998 3067 3137 3206 3274 3344 3413 3482 3550 3618 3682 3747 3812 3878 3942 4007 4073 4138 4203 4268 4333 4398 4462
40 106 170 236 301 366 431 495 560 625 691 756 820 885 951 1015 1081 1145 1210 1276 1341 1409 1479 1548 1616 1686 1754 1824 1893 1961 2030 2100 2169 2238 2306 2375 2444 2513 2583 2651 2721 2789 2858 2927 2996 3065 3134 3204 3273 3341 3411 3480 3549 3617 3685 3749 3814 3879 3945 4009 4074 4140 4205 4270 4335 4400 4465
43 107 173 237 303 368 433 498 562 627 692 758 823 887 952 1018 1082 1148 1212 1277 1343 1408 1476 1546 1615 1683 1753 1821 1891 1960 2028 2097 2167 2236 2305 2373 2442 2511 2580 2650 2718 2788 2856 2925 2994 3063 3132 3201 3271 3340 3408 3478 3547 3616 3684 3752 3816 3881 3946 4012 4076 4141 4207 4272 4337 4402 4467
45 110 174 240 304 370 435 500 565 629 694 759 825 890 954 1019 1085 1149 1215 1279 1344 1410 1475 1543 1613 1682 1750 1820 1888 1958 2027 2095 2164 2234 2303 2372 2440 2509 2578 2647 2717 2785 2855 2923 2992 3061 3130 3199 3268 3338 3407 3475 3545 3614 3683 3751 3819 3883 3948 4013 4079 4143 4208 4274 4339 4404 4469
47 112 177 241 307 371 437 502 567 632 696 761 826 892 957 1021 1086 1152 1216 1282 1346 1411 1477 1542 1610 1680 1749 1817 1887 1955 2025 2094 2162 2231 2301 2370 2439 2507 2576 2645 2714 2784 2852 2922 2990 3059 3128 3197 3266 3335 3405 3474 3542 3612 3681 3750 3818 3886 3950 4015 4080 4146 4210 4275 4341 4406 4471
49 114 179 244 308 374 438 504 569 634 699 763 828 893 959 1024 1088 1153 1219 1283 1349 1413 1478 1544 1609 1677 1747 1816 1884 1954 2022 2092 2161 2229 2298 2368 2437 2506 2574 2643 2712 2781 2851 2919 2989 3057 3126 3195 3264 3333 3402 3472 3541 3609 3679 3748 3817 3885 3953 4017 4082 4147 4213 4277 4342 4408 4473
51 116 181 246 311 375 441 505 571 636 701 766 830 895 960 1026 1091 1155 1220 1286 1350 1416 1480 1545 1611 1676 1744 1814 1883 1951 2021 2089 2159 2228 2296 2365 2435 2504 2573 2641 2710 2779 2848 2918 2986 3056 3124 3193 3262 3331 3400 3469 3539 3608 3676 3746 3815 3884 3952 4020 4084 4149 4214 4280 4344 4409 4475
53 118 183 248 313 378 442 508 572 638 703 768 833 897 962 1027 1093 1158 1222 1287 1353 1417 1483 1547 1612 1678 1743 1811 1881 1950 2018 2088 2156 2226 2295 2363 2432 2502 2571 2640 2708 2777 2846 2915 2985 3053 3123 3191 3260 3329 3398 3467 3536 3606 3675 3743 3813 3882 3951 4019 4087 4151 4216 4281 4347 4411 4476
54 120 185 250 315 380 445 509 575 639 705 770 835 900 964 1029 1094 1160 1225 1289 1354 1420 1484 1550 1614 1679 1745 1810 1878 1948 2017 2085 2155 2223 2293 2362 2430 2499 2569 2638 2707 2775 2844 2913 2982 3052 3120 3190 3258 3327 3396 3465 3534 3603 3673 3742 3810 3880 3949 4018 4086 4154 4218 4283 4348 4414 4478
56 121 187 252 317 382 447 512 576 642 706 772 837 902 967 1031 1096 1161 1227 1292 1356 1421 1487 1551 1617 1681 1746 1812 1877 1945 2015 2084 2152 2222 2290 2360 2429 2497 2566 2636 2705 2774 2842 2911 2980 3049 3119 3187 3257 3325 3394 3463 3532 3601 3670 3740 3809 3877 3947 4016 4085 4153 4221 4285 4350 4415 4481
59 123 188 254 319 384 449 514 579 643 709 773 839 904 969 1034 1098 1163 1228 1294 1359 1423 1488 1554 1618 1684 1748 1813 1879 1944 2012 2082 2151 2219 2289 2357 2427 2496 2564 2633 2703 2772 2841 2909 2978 3047 3116 3186 3254 3324 3392 3461 3530 3599 3668 3737 3807 3876 3944 4014 4083 4152 4220 4288 4352 4417 4482
60 126 190 255 321 386 451 516 581 646 710 776 840 906 971 1036 1101 1165 1230 1295 1361 1426 1490 1555 1621 1685 1751 1815 1880 1946 2011 2079 2149 2218 2286 2356 2424 2494 2563 2631 2700 2770 2839 2908 2976 3045 3114 3183 3253 3321 3391 3459 3528 3597 3666 3735 3804 3874 3943 4011 4081 4150 4219 4287 4355 4419 4484
62 127 193 257 322 388 453 518 583 648 713 777 843 907 973 1038 1103 1168 1232 1297 1362 1428 1493 1557 1622 1688 1752 1818 1882 1947 2013 2078 2146 2216 2285 2353 2423 2491 2561 2630 2698 2767 2837 2906 2975 3043 3112 3181 3250 3320 3388 3458 3526 3595 3664 3733 3802 3871 3941 4010 4078 4148 4217 4286 4354 4422 4486
64 129 194 260 324 389 455 520 585 650 715 780 844 910 974 1040 1105 1170 1235 1299 1364 1429 1495 1560 1624 1689 1755 1819 1885 1949 2014 2080 2145 2213 2283 2352 2420 2490 2558 2628 2697 2765 2834 2904 2973 3042 3110 3179 3248 3317 3387 3455 3525 3593 3662 3731 3800 3869 3938 4008 4077 4145 4215 4284 4353 4421 4489
67 131 196 261 327 391 456 522 587 652 717 782 847 911 977 1041 1107 1172 1237 1302 1366 1431 1496 1562 1627 1691 1756 1822 1886 1952 2016 2081 2147 2212 2280 2350 2419 2487 2557 2625 2695 2764 2832 2901 2971 3040 3109 3177 3246 3315 3384 3454 3522 3592 3660 3729 3798 3867 3936 4005 4075 4144 4212 4282 4351 4420 4488
66 134 198 263 328 394 458 523 589 654 719 784 849 914 978 1044 1108 1174 1239 1304 1369 1433 1498 1563 1629 1694 1758 1823 1889 1953 2019 2083 2148 2214 2279 2347 2417 2486 2554 2624 2692 2762 2831 2899 2968 3038 3107 3176 3244 3313 3382 3451 3521 3589 3659 3727 3796 3865 3934 4003 4072 4142 4211 4279 4349 4418 4487
65 133 201 265 330 395 461 525 590 656 721 786 851 916 981 1045 1111 1175 1241 1306 1371 1436 1500 1565 1630 1696 1761 1825 1890 1956 2020 2086 2150 2215 2281 2346 2414 2484 2553 2621 2691 2759 2829 2898 2966 3035 3105 3174 3243 3311 3380 3449 3518 3588 3656 3726 3794 3863 3932 4001 4070 4139 4209 4278 4346 4416 4485
63 132 200 268 332 397 462 528 592 657 723 788 853 918 983 1048 1112 1178 1242 1308 1373 1438 1503 1567 1632 1697 1763 1828 1892 1957 2023 2087 2153 2217 2282 2348 2413 2481 2551 2620 2688 2758 2826 2896 2965 3033 3102 3172 3241 3310 3378 3447 3516 3585 3655 3723 3793 3861 3930 3999 4068 4137 4206 4276 4345 4413 4483
61 130 199 267 335 399 464 529 595 659 724 790 855 920 985 1050 1115 1179 1245 1309 1375 1440 1505 1570 1634 1699 1764 1830 1895 1959 2024 2090 2154 2220 2284 2349 2415 2480 2548 2618 2687 2755 2825 2893 2963 3032 3100 3169 3239 3308 3377 3445 3514 3583 3652 3722 3790 3860 3928 3997 4066 4135 4204 4273 4343 4412 4480
58 128 197 266 334 402 466 531 596 662 726 791 857 922 987 1052 1117 1182 1246 1312 1376 1442 1507 1572 1637 1701 1766 1831 1897 1962 2026 2091 2157 2221 2287 2351 2416 2482 2547 2615 2685 2754 2822 2892 2960 3030 3099 3167 3236 3306 3375 3444 3512 3581 3650 3719 3789 3857 3927 3995 4064 4133 4202 4271 4340 4410 4479
57 125 195 264 333 401 469 533 598 663 729 793 858 924 989 1054 1119 1184 1249 1313 1379 1443 1509 1574 1639 1704 1768 1833 1898 1964 2029 2093 2158 2224 2288 2354 2418 2483 2549 2614 2682 2752 2821 2889 2959 3027 3097 3166 3234 3303 3373 3442 3511 3579 3648 3717 3786 3856 3924 3994 4062 4131 4200 4269 4338 4407 4477
55 124 192 262 331 400 468 536 600 665 730 796 860 925 991 1056 1121 1186 1251 1316 1380 1446 1510 1576 1641 1706 1771 1835 1900 1965 2031 2096 2160 2225 2291 2355 2421 2485 2550 2616 2681 2749 2819 2888 2956 3026 3094 3164 3233 3301 3370 3440 3509 3578 3646 3715 3784 3853 3923 3991 4061 4129 4198 4267 4336 4405 4474
52 122 191 259 329 398 467 535 603 667 732 797 863 927 992 1058 1123 1188 1253 1318 1383 1447 1513 1577 1643 1708 1773 1838 1902 1967 2032 2098 2163 2227 2292 2358 2422 2488 2552 2617 2683 2748 2816 2886 2955 3023 3093 3161 3231 3300 3368 3437 3507 3576 3645 3713 3782 3851 3920 3990 4058 4128 4196 4265 4334 4403 4472
50 119 189 258 326 396 465 534 602 670 734 799 864 930 994 1059 1125 1190 1255 1320 1385 1450 1514 1580 1644 1710 1775 1840 1905 1969 2034 2099 2165 2230 2294 2359 2425 2489 2555 2619 2684 2750 2815 2883 2953 3022 3090 3160 3228 3298 3367 3435 3504 3574 3643 3712 3780 3849 3918 3987 4057 4125 4195 4263 4332 4401 4470
48 117 186 256 325 393 463 532 601 669 737 801 866 931 997 1061 1126 1192 1257 1322 1387 1452 1517 1581 1647 1711 1777 1842 1907 1972 2036 2101 2166 2232 2297 2361 2426 2492 2556 2622 2686 2751 2817 2882 2950 3020 3089 3157 3227 3295 3365 3434 3502 3571 3641 3710 3779 3847 3916 3985 4054 4124 4192 4262 4330 4399 4468
46 115 184 253 323 392 460 530 599 668 736 804 868 933 998 1064 1128 1193 1259 1324 1389 1454 1519 1584 1648 1714 1778 1844 1909 1974 2039 2103 2168 2233 2299 2364 2428 2493 2559 2623 2689 2753 2818 2884 2949 3017 3087 3156 3224 3294 3362 3432 3501 3569 3638 3708 3777 3846 3914 3983 4052 4121 4191 4259 4329 4397 4466
44 113 182 251 320 390 459 527 597 666 735 803 871 935 1000 1065 1131 1195 1260 1326 1391 1456 1521 1586 1651 1715 1781 1845 1911 1976 2041 2106 2170 2235 2300 2366 2431 2495 2560 2626 2690 2756 2820 2885 2951 3016 3084 3154 3223 3291 3361 3429 3499 3568 3636 3705 3775 3844 3913 3981 4050 4119 4188 4258 4326 4396 4464
42 111 180 249 318 387 457 526 594 664 733 802 870 938 1002 1067 1132 1198 1262 1327 1393 1458 1523 1588 1653 1718 1782 1848 1912 1978 2043 2108 2173 2237 2302 2367 2433 2498 2562 2627 2693 2757 2823 2887 2952 3018 3083 3151 3221 3290 3358 3428 3496 3566 3635 3703 3772 3842 3911 3980 4048 4117 4186 4255 4325 4393 4463
41 109 178 247 316 385 454 524 593 661 731 800 869 937 1005 1069 1134 1199 1265 1329 1394 1460 1525 1590 1655 1720 1785 1849 1915 1979 2045 2110 2175 2240 2304 2369 2434 2500 2565 2629 2694 2760 2824 2890 2954 3019 3085 3150 3218 3288 3357 3425 3495 3563 3633 3702 3770 3839 3909 3978 4047 4115 4184 4253 4322 4392 4460
38 108 176 245 314 383 452 521 591 660 728 798 867 936 1004 1072 1136 1201 1266 1332 1396 1461 1527 1592 1657 1722 1787 1852 1916 1982 2046 2112 2177 2242 2307 2371 2436 2501 2567 2632 2696 2761 2827 2891 2957 3021 3086 3152 3217 3285 3355 3424 3492 3562 3630 3700 3769 3837 3906 3976 4045 4114 4182 4251 4320 4389 4459
37 105 175 243 312 381 450 519 588 658 727 795 865 934 1003 1071 1139 1203 1268 1333 1399 1463 1528 1594 1659 1724 1789 1854 1919 1983 2049 2113 2179 2244 2309 2374 2438 2503 2568 2634 2699 2763 2828 2894 2958 3024 3088 3153 3219 3284 3352 3422 3491 3559 3629 3697 3767 3836 3904 3973 4043 4112 4181 4249 4318 4387 4456
34 104 172 242 310 379 448 517 586 655 725 794 862 932 1001 1070 1138 1206 1270 1335 1400 1466 1530 1595 1661 1726 1791 1856 1921 1986 2050 2116 2180 2246 2311 2376 2441 2505 2570 2635 2701 2766 2830 2895 2961 3025 3091 3155 3220 3286 3351 3419 3489 3558 3626 3696 3764 3834 3903 3971 4040 4110 4179 4248 4316 4385 4454
32 101 171 239 309 377 446 515 584 653 722 792 861 929 999 1068 1137 1205 1273 1337 1402 1467 1533 1597 1662 1728 1793 1858 1923 1988 2053 2117 2183 2247 2313 2378 2443 2508 2572 2637 2702 2768 2833 2897 2962 3028 3092 3158 3222 3287 3353 3418 3486 3556 3625 3693 3763 3831 3901 3970 4038 4107 4177 4246 4315 4383 4452
30 99 168 238 306 376 444 513 582 651 720 789 859 928 996 1066 1135 1204 1272 1340 1404 1469 1534 1600 1664 1729 1795 1860 1925 1990 2055 2120 2184 2250 2314 2380 2445 2510 2575 2639 2704 2769 2835 2900 2964 3029 3095 3159 3225 3289 3354 3420 3485 3553 3623 3692 3760 3830 3898 3968 4037 4105 4174 4244 4313 4382 4450
28 97 166 235 305 373 443 511 580 649 718 787 856 926 995 1063 1133 1202 1271 1339 1407 1471 1536 1601 1667 1731 1796 1862 1927 1992 2057 2122 2187 2251 2317 2381 2447 2512 2577 2642 2706 2771 2836 2902 2967 3031 3096 3162 3226 3292 3356 3421 3487 3552 3620 3690 3759 3827 3897 3965 4035 4104 4172 4241 4311 4380 4449
27 95 164 233 302 372 440 510 578 647 716 785 854 923 993 1062 1130 1200 1269 1338 1406 1474 1538 1603 1668 1734 1798 1863 1929 1994 2059 2124 2189 2254 2318 2384 2448 2514 2579 2644 2709 2773 2838 2903 2969 3034 3098 3163 3229 3293 3359 3423 3488 3554 3619 3687 3757 3826 3894 3964 4032 4102 4171 4239 4308 4378 4447
25 94 162 231 300 369 439 507 577 645 714 783 852 921 990 1060 1129 1197 1267 1336 1405 1473 1541 1605 1670 1735 1801 1865 1930 1996 2061 2126 2191 2256 2321 2385 2451 2515 2581 2646 2711 2776 2840 2905 2970 3036 3101 3165 3230 3296 3360 3426 3490 3555 3621 3686 3754 3824 3893 3961 4031 4099 4169 4238 4306 4375 4445
23 92 161 229 298 367 436 506 574 644 712 781 850 919 988 1057 1127 1196 1264 1334 1403 1472 1540 1608 1672 1737 1802 1868 1932 1997 2063 2128 2193 2258 2323 2388 2452 2518 2582 2648 2713 2778 2843 2907 2972 3037 3103 3168 3232 3297 3363 3427 3493 3557 3622 3688 3753 3821 3891 3960 4028 4098 4166 4236 4305 4373 4442
20 90 159 228 296 365 434 503 573 641 711 779 848 917 986 1055 1124 1194 1263 1331 1401 1470 1539 1607 1675 1739 1804 1869 1935 1999 2064 2130 2195 2260 2325 2390 2455 2519 2585 2649 2715 2780 2845 2910 2974 3039 3104 3170 3235 3299 3364 3430 3494 3560 3624 3689 3755 3820 3888 3958 4027 4095 4165 4233 4303 4372 4440
18 87 157 226 295 363 432 501 570 640 708 778 846 915 984 1053 1122 1191 1261 1330 1398 1468 1537 1606 1674 1742 1806 1871 1936 2002 2066 2131 2197 2262 2327 2392 2457 2522 2586 2652 2716 2782 2847 2912 2977 3041 3106 3171 3237 3302 3366 3431 3497 3561 3627 3691 3756 3822 3887 3955 4025 4094 4162 4232 4300 4370 4439
17 85 154 224 293 362 430 499 568 637 707 775 845 913 982 1051 1120 1189 1258 1328 1397 1465 1535 1604 1673 1741 1809 1873 1938 2003 2069 2133 2198 2264 2329 2394 2459 2524 2589 2653 2719 2783 2849 2914 2979 3044 3108 3173 3238 3304 3369 3433 3498 3564 3628 3694 3758 3823 3889 3954 4022 4092 4161 4229 4299 4367 4437
15 84 152 221 291 360 429 497 566 635 704 774 842 912 980 1049 1118 1187 1256 1325 1395 1464 1532 1602 1671 1740 1808 1876 1940 2005 2070 2136 2200 2265 2331 2396 2461 2526 2591 2656 2720 2786 2850 2916 2981 3046 3111 3175 3240 3305 3371 3436 3500 3565 3631 3695 3761 3825 3890 3956 4021 4089 4159 4228 4296 4366 4434
12 82 151 219 288 358 427 496 564 633 702 771 841 909 979 1047 1116 1185 1254 1323 1392 1462 1531 1599 1669 1738 1807 1875 1943 2007 2072 2137 2203 2267 2332 2398 2463 2528 2593 2658 2723 2787 2853 2917 2983 3048 3113 3178 3242 3307 3372 3438 3503 3567 3632 3698 3762 3828 3892 3957 4023 4088 4156 4226 4295 4363 4433
11 79 149 218 286 355 425 494 563 631 700 769 838 908 976 1046 1114 1183 1252 1321 1390 1459 1529 1598 1666 1736 1805 1874 1942 2010 2074 2139 2204 2270 2334 2399 2465 2530 2595 2660 2725 2790 2854 2920 2984 3050 3115 3180 3245 3309 3374 3439 3505 3570 3634 3699 3765 3829 3895 3959 4024 4090 4155 4223 4293 4362 4430
8 78 146 216 285 353 422 492 561 630 698 767 836 905 975 1043 1113 1181 1250 1319 1388 1457 1526 1596 1665 1733 1803 1872 1941 2009 2077 2141 2206 2271 2337 2401 2466 2532 2597 2662 2727 2792 2857 2921 2987 3051 3117 3182 3247 3312 3376 3441 3506 3572 3637 3701 3766 3832 3896 3962 4026 4091 4157 4222 4290 4360 4429
7 75 145 213 283 352 420 489 559 628 697 765 834 903 972 1042 1110 1180 1248 1317 1386 1455 1524 1593 1663 1732 1800 1870 1939 2008 2076 2144 2208 2273 2338 2404 2468 2533 2599 2664 2729 2794 2859 2924 2988 3054 3118 3184 3249 3314 3379 3443 3508 3573 3639 3704 3768 3833 3899 3963 4029 4093 4158 4224 4289 4357 4427
5 74 142 212 280 350 419 487 556 626 695 764 832 901 970 1039 1109 1177 1247 1315 1384 1453 1522 1591 1660 1730 1799 1867 1937 2006 2075 2143 2211 2275 2340 2405 2471 2535 2600 2666 2731 2796 2861 2926 2991 3055 3121 3185 3251 3316 3381 3446 3510 3575 3640 3706 3771 3835 3900 3966 4030 4096 4160 4225 4291 4356 4424
2 72 141 209 279 347 417 486 554 623 693 762 831 899 968 1037 1106 1176 1244 1314 1382 1451 1520 1589 1658 1727 1797 1866 1934 2004 2073 2142 2210 2278 2342 2407 2472 2538 2602 2667 2733 2798 2863 2928 2993 3058 3122 3188 3252 3318 3383 3448 3513 3577 3642 3707 3773 3838 3902 3967 4033 4097 4163 4227 4292 4358 4423
