7 49 116 140 204 221 284 321 366
10 80 113 146 190 242 264 315 352
27 72 91 167 184 231 278 322 340
14 60 122 166 171 244 259 336 338
22 59 102 131 186 243 290 318 364
29 66 92 128 177 226 294 333 361
33 73 114 150 175 218 271 320 351
38 70 98 141 200 234 257 297 377
36 58 123 133 183 228 265 327 356
4 84 104 153 197 220 276 326 345
42 55 94 144 195 251 282 304 342
18 69 89 160 187 225 262 330 370
16 81 109 157 206 213 255 295 378
1 56 124 129 196 236 268 334 372
21 48 99 163 192 246 293 300 353
40 82 125 137 173 211 292 305 350
37 71 87 161 198 249 254 302 349
34 43 111 158 178 252 253 309 368
3 83 106 149 181 227 285 306 374
13 78 117 165 193 214 272 299 357
9 46 126 142 207 239 256 331 348
24 64 88 136 199 230 288 317 354
28 57 105 156 188 215 279 310 371
25 63 96 162 182 241 263 307 362
35 45 90 134 209 219 291 303 375
12 68 112 130 208 247 275 311 337
6 65 121 138 194 237 273 308 360
39 52 107 143 174 223 287 314 358
17 44 97 152 210 212 266 328 369
11 54 93 164 203 232 281 319 344
30 61 120 145 185 217 289 312 341
19 50 108 132 172 245 274 324 376
32 51 118 148 169 233 260 323 367
31 74 85 147 180 216 280 335 355
8 76 110 127 176 248 261 325 373
41 67 103 155 191 224 270 316 339
5 47 100 135 189 250 286 329 365
15 79 95 159 179 235 277 313 346
23 75 86 151 202 229 258 332 343
20 53 119 139 201 238 267 298 363
2 62 115 168 170 240 283 296 359
26 77 101 154 205 222 269 301 347
