15 48 81 141 170 205 254 280 317
6 42 108 138 166 209 245 268 324
16 40 106 127 185 211 228 263 333
28 38 76 146 153 213 259 260 330
31 51 75 140 176 191 257 271 315
36 63 96 130 174 214 223 266 303
34 71 88 121 168 196 249 273 308
20 64 107 117 162 194 233 290 321
37 50 77 125 184 188 256 285 307
21 59 85 136 183 198 250 279 298
4 67 79 134 165 219 248 278 309
3 45 92 148 158 208 242 286 327
25 70 90 113 177 206 258 272 304
9 58 83 131 152 222 255 287 312
35 47 109 118 159 199 252 274 313
33 52 91 135 154 195 239 295 310
13 60 86 133 164 218 224 294 316
2 44 102 116 181 204 253 281 322
18 72 97 112 175 201 235 267 329
27 54 111 126 169 190 225 277 328
26 53 93 137 157 207 237 292 301
19 41 87 139 167 202 226 288 332
5 69 80 144 160 212 244 282 299
29 68 100 114 179 187 243 262 311
14 61 95 124 182 197 227 289 305
10 73 104 119 163 186 238 275 325
12 55 101 129 156 203 236 296 314
17 66 99 120 173 200 240 283 302
7 57 105 143 171 189 231 265 326
23 46 103 145 149 221 247 261 300
30 74 82 123 151 220 232 284 297
32 62 84 115 161 210 230 269 331
1 49 110 142 178 193 229 293 306
11 43 94 132 172 215 241 270 320
24 56 89 122 180 217 234 264 319
8 39 78 147 155 216 246 291 323
22 65 98 128 150 192 251 276 318
