31 98 190 234 323 365 453 515 585 613 680 747 855 922 989 1044 1100 1139 1221 1300 1391 1407 1497 1575 1664 1711 1768 1867 1901 1943 2017 2116 2205 2273 2316 2345 2415 2506 2607
34 129 187 240 309 386 433 509 571 614 681 748 854 921 988 1005 1111 1151 1257 1290 1381 1408 1498 1565 1663 1710 1777 1835 1912 1969 2046 2106 2182 2211 2329 2373 2473 2494 2582
51 121 165 261 303 375 447 516 559 631 682 782 838 920 959 1006 1085 1170 1256 1313 1364 1409 1482 1566 1662 1724 1776 1849 1885 1990 2033 2130 2163 2238 2295 2396 2447 2525 2561
38 109 196 260 290 388 428 530 557 632 715 754 837 892 983 1007 1093 1152 1255 1306 1380 1433 1474 1585 1639 1731 1759 1855 1876 1991 2028 2138 2162 2239 2330 2360 2446 2493 2594
46 108 176 225 305 387 459 512 583 648 683 774 823 919 966 1008 1079 1162 1254 1318 1371 1410 1517 1549 1661 1693 1791 1856 1902 1957 2027 2115 2193 2254 2296 2385 2432 2524 2571
53 115 166 222 296 370 463 527 580 657 705 749 815 901 987 1009 1072 1140 1253 1324 1390 1451 1506 1541 1623 1703 1798 1809 1903 1980 2071 2114 2172 2274 2305 2346 2414 2516 2606
57 122 188 244 294 362 440 514 570 633 716 767 836 891 972 1010 1073 1141 1252 1323 1389 1411 1518 1554 1660 1692 1787 1810 1904 1970 2070 2113 2181 2240 2317 2374 2445 2505 2581
62 119 172 235 319 378 426 491 596 643 692 783 827 912 958 1027 1074 1179 1236 1322 1356 1412 1489 1576 1659 1718 1767 1811 1886 1971 2069 2129 2180 2255 2287 2397 2431 2532 2560
60 107 197 227 302 372 434 521 575 649 699 758 822 906 980 1028 1112 1147 1235 1289 1384 1413 1499 1555 1658 1709 1786 1836 1877 1992 2045 2137 2161 2261 2278 2398 2426 2540 2559
28 133 178 247 316 364 445 520 564 615 706 784 853 900 957 1045 1075 1171 1220 1321 1363 1414 1483 1567 1657 1723 1775 1812 1924 1952 2068 2095 2197 2262 2306 2361 2425 2515 2593
66 104 168 238 314 395 451 498 561 616 717 768 852 890 971 1054 1101 1142 1212 1299 1388 1415 1475 1542 1656 1730 1797 1857 1913 1944 2026 2105 2204 2212 2307 2386 2472 2514 2570
42 118 163 254 306 369 431 524 589 617 693 775 851 911 965 1029 1113 1163 1234 1288 1370 1416 1476 1543 1655 1729 1796 1813 1925 1958 2067 2094 2192 2213 2308 2375 2471 2513 2580
40 130 183 251 325 357 424 489 597 618 700 759 850 905 979 1039 1086 1180 1225 1312 1355 1434 1477 1586 1638 1728 1758 1814 1893 1981 2066 2123 2171 2214 2288 2376 2470 2531 2579
25 105 198 223 315 380 437 528 591 634 687 785 835 916 956 1046 1094 1153 1219 1305 1379 1435 1519 1550 1637 1691 1790 1815 1905 1959 2065 2112 2191 2241 2279 2399 2444 2539 2558
45 97 173 257 311 390 462 494 572 619 718 755 849 889 982 1011 1102 1181 1251 1298 1354 1452 1478 1577 1622 1727 1766 1816 1887 1972 2064 2128 2179 2215 2331 2355 2469 2492 2598
64 131 199 231 292 355 461 499 569 650 694 750 821 910 986 1012 1114 1164 1250 1287 1369 1461 1507 1544 1614 1702 1795 1817 1878 1945 2063 2136 2203 2263 2318 2347 2424 2504 2605
61 120 161 255 317 393 423 496 568 635 707 760 834 899 978 1013 1087 1172 1249 1311 1362 1436 1520 1568 1636 1690 1774 1818 1879 1946 2062 2135 2202 2216 2332 2362 2468 2491 2592
58 92 185 252 297 396 422 503 587 644 688 786 826 915 955 1014 1095 1154 1248 1304 1378 1446 1490 1587 1627 1717 1757 1837 1880 1993 2044 2134 2160 2217 2297 2387 2467 2523 2569
27 132 180 243 300 371 454 500 593 651 684 787 820 918 954 1030 1080 1182 1233 1317 1353 1453 1500 1556 1621 1708 1785 1838 1926 1953 2043 2093 2196 2218 2309 2363 2466 2512 2591
37 127 191 259 312 358 441 493 576 652 708 761 819 898 977 1015 1115 1148 1247 1286 1383 1417 1508 1588 1654 1701 1756 1858 1881 1982 2025 2133 2170 2219 2289 2377 2465 2530 2578
33 95 200 236 326 383 425 525 567 620 719 788 848 888 953 1047 1088 1143 1218 1310 1387 1418 1521 1569 1653 1689 1773 1868 1914 1947 2016 2104 2201 2220 2280 2348 2464 2538 2604
48 113 162 230 318 374 457 511 573 621 720 789 847 887 952 1031 1103 1155 1232 1297 1377 1419 1491 1578 1652 1716 1765 1839 1927 1973 2042 2092 2178 2221 2281 2349 2463 2537 2603
52 106 179 250 307 359 448 504 590 622 721 776 846 886 964 1040 1081 1183 1224 1316 1352 1420 1501 1557 1651 1707 1784 1850 1894 1994 2032 2122 2159 2242 2282 2400 2443 2536 2557
49 112 170 256 301 385 432 501 581 623 709 790 845 897 951 1048 1076 1184 1217 1320 1351 1437 1484 1589 1635 1722 1755 1859 1906 1960 2024 2111 2190 2243 2333 2356 2442 2490 2597
59 94 164 228 328 363 460 497 594 624 722 769 844 885 970 1049 1104 1156 1216 1296 1376 1421 1522 1551 1650 1688 1789 1819 1915 1995 2061 2103 2158 2264 2283 2388 2423 2535 2568
36 117 186 224 327 391 444 505 556 636 695 791 833 909 950 1016 1116 1185 1246 1285 1350 1454 1492 1545 1620 1715 1794 1820 1928 1974 2060 2091 2177 2275 2319 2350 2413 2503 2602
30 114 195 232 313 381 442 502 579 637 723 762 832 884 976 1017 1117 1186 1245 1284 1349 1438 1509 1558 1634 1700 1783 1821 1895 1983 2059 2121 2169 2244 2334 2378 2441 2489 2577
63 101 181 237 293 367 456 508 577 645 696 792 825 908 949 1018 1118 1173 1244 1283 1361 1447 1485 1590 1626 1721 1754 1822 1907 1961 2058 2110 2189 2256 2298 2401 2430 2522 2556
41 93 171 246 329 356 435 522 588 653 710 763 818 896 975 1019 1105 1187 1243 1295 1348 1455 1479 1591 1619 1726 1753 1840 1888 1996 2041 2127 2157 2265 2310 2364 2422 2511 2590
35 103 167 258 322 376 450 513 563 625 724 777 843 883 963 1020 1119 1165 1242 1282 1368 1456 1510 1559 1618 1699 1782 1823 1929 1954 2057 2090 2195 2222 2320 2402 2462 2502 2555
54 110 194 239 304 361 458 506 560 626 701 778 842 904 962 1032 1089 1188 1231 1309 1347 1422 1523 1592 1649 1687 1752 1860 1896 1948 2023 2120 2200 2223 2335 2379 2461 2488 2576
43 99 182 226 291 389 443 518 595 627 702 770 841 903 969 1033 1120 1157 1230 1281 1375 1423 1524 1593 1648 1686 1751 1841 1916 1962 2040 2102 2188 2224 2299 2389 2460 2521 2567
56 100 192 242 288 377 429 517 586 638 689 793 831 914 948 1041 1090 1189 1223 1308 1346 1424 1525 1579 1647 1685 1764 1851 1889 1997 2031 2126 2156 2225 2311 2365 2459 2510 2589
55 123 159 241 299 360 449 529 574 639 725 756 830 882 981 1050 1106 1158 1215 1294 1374 1425 1511 1594 1646 1698 1750 1861 1882 1998 2022 2132 2155 2245 2290 2403 2440 2529 2554
32 125 184 221 295 392 430 519 592 654 685 779 817 917 961 1021 1121 1174 1241 1280 1360 1426 1526 1570 1645 1684 1772 1862 1917 1963 2021 2101 2187 2226 2336 2357 2458 2487 2596
65 116 177 249 310 368 439 510 558 658 703 751 814 902 985 1022 1096 1175 1240 1303 1359 1439 1493 1595 1633 1714 1749 1824 1930 1999 2056 2089 2154 2266 2300 2351 2421 2520 2601
29 96 174 229 308 394 455 523 584 640 711 771 829 895 968 1023 1097 1166 1239 1302 1367 1440 1527 1560 1632 1683 1781 1825 1931 2000 2055 2088 2153 2246 2321 2366 2439 2501 2588
39 128 169 253 298 379 446 507 565 646 690 772 824 913 967 1034 1082 1190 1229 1315 1345 1448 1494 1596 1625 1713 1748 1826 1932 1984 2054 2087 2168 2257 2291 2404 2429 2528 2553
47 124 160 245 321 373 427 526 562 655 712 752 816 894 984 1035 1122 1149 1228 1279 1382 1457 1512 1561 1617 1697 1780 1827 1918 2001 2053 2100 2152 2267 2284 2405 2420 2534 2552
44 102 193 233 320 382 436 492 582 628 726 764 840 881 974 1051 1077 1176 1214 1319 1358 1427 1528 1580 1644 1682 1763 1828 1933 1975 2052 2086 2176 2268 2322 2367 2419 2500 2587
26 111 189 262 289 384 452 490 578 629 697 780 839 907 960 1055 1098 1144 1211 1301 1386 1428 1502 1581 1643 1706 1762 1842 1897 2002 2039 2119 2151 2227 2337 2406 2457 2486 2551
50 126 175 248 324 366 438 495 566 641 713 765 828 893 973 1036 1107 1167 1227 1293 1366 1429 1503 1571 1642 1705 1771 1843 1934 1964 2038 2085 2186 2228 2338 2407 2456 2485 2550
24 91 158 263 330 397 417 486 555 630 704 781 860 924 990 1042 1083 1168 1222 1314 1365 1441 1486 1597 1631 1720 1747 1852 1898 2003 2030 2118 2150 2229 2339 2390 2455 2484 2566
23 90 157 264 331 398 419 484 553 642 714 753 859 923 994 1052 1108 1145 1213 1292 1385 1442 1529 1552 1630 1681 1788 1863 1919 1965 2020 2099 2185 2230 2323 2408 2454 2499 2549
22 89 156 265 332 399 418 488 552 647 691 773 858 926 991 1024 1123 1159 1238 1278 1373 1458 1480 1582 1616 1725 1761 1829 1935 1985 2051 2084 2167 2231 2340 2380 2453 2483 2575
21 88 155 266 333 400 421 487 551 656 698 757 857 925 993 1025 1091 1177 1237 1307 1357 1462 1504 1546 1613 1704 1793 1830 1908 1986 2050 2109 2166 2247 2301 2409 2438 2519 2548
20 87 154 267 334 401 420 485 554 659 686 766 856 927 992 1037 1109 1160 1226 1291 1372 1443 1513 1572 1629 1696 1770 1831 1909 1976 2049 2108 2175 2248 2341 2368 2437 2482 2586
19 86 153 220 287 354 464 531 598 660 727 794 809 878 947 1026 1099 1178 1262 1326 1392 1449 1487 1573 1624 1719 1769 1844 1890 2004 2037 2125 2149 2258 2302 2410 2428 2518 2547
18 85 152 219 286 353 465 532 599 661 728 795 811 876 945 1038 1110 1146 1261 1325 1396 1459 1514 1547 1615 1695 1792 1845 1936 1955 2036 2083 2194 2269 2324 2369 2418 2498 2585
17 84 151 218 285 352 466 533 600 662 729 796 810 880 944 1043 1084 1169 1260 1328 1393 1430 1530 1562 1641 1680 1779 1864 1883 1987 2019 2131 2165 2232 2342 2391 2452 2481 2565
16 83 150 217 284 351 467 534 601 663 730 797 813 879 943 1053 1092 1150 1259 1327 1395 1431 1495 1583 1640 1712 1760 1869 1910 1949 2015 2107 2199 2233 2312 2392 2451 2509 2564
15 82 149 216 283 350 468 535 602 664 731 798 812 877 946 1056 1078 1161 1258 1329 1394 1444 1515 1563 1628 1694 1778 1846 1920 1977 2035 2098 2174 2234 2313 2381 2450 2508 2574
14 81 148 215 282 349 416 483 550 665 732 799 861 928 995 1057 1124 1191 1206 1275 1344 1432 1505 1584 1669 1733 1799 1853 1891 1978 2029 2124 2173 2249 2292 2411 2436 2527 2546
13 80 147 214 281 348 415 482 549 666 733 800 862 929 996 1058 1125 1192 1208 1273 1342 1445 1516 1548 1668 1732 1803 1865 1921 1950 2018 2097 2198 2250 2343 2358 2435 2480 2595
12 79 146 213 280 347 414 481 548 667 734 801 863 930 997 1059 1126 1193 1207 1277 1341 1450 1488 1574 1667 1735 1800 1832 1937 1966 2048 2082 2184 2270 2285 2393 2417 2533 2563
11 78 145 212 279 346 413 480 547 668 735 802 864 931 998 1060 1127 1194 1210 1276 1340 1460 1496 1553 1666 1734 1802 1833 1899 1988 2047 2117 2164 2276 2314 2352 2412 2507 2600
10 77 144 211 278 345 412 479 546 669 736 803 865 932 999 1061 1128 1195 1209 1274 1343 1463 1481 1564 1665 1736 1801 1847 1922 1967 2034 2096 2183 2251 2325 2382 2434 2497 2573
9 76 143 210 277 344 411 478 545 612 679 746 866 933 1000 1062 1129 1196 1263 1330 1397 1464 1531 1598 1608 1677 1746 1834 1911 1989 2076 2140 2206 2259 2293 2383 2427 2526 2572
8 75 142 209 276 343 410 477 544 611 678 745 867 934 1001 1063 1130 1197 1264 1331 1398 1465 1532 1599 1610 1675 1744 1848 1923 1951 2075 2139 2210 2271 2326 2353 2416 2496 2599
7 74 141 208 275 342 409 476 543 610 677 744 868 935 1002 1064 1131 1198 1265 1332 1399 1466 1533 1600 1609 1679 1743 1854 1892 1979 2074 2142 2207 2235 2344 2370 2449 2479 2584
6 73 140 207 274 341 408 475 542 609 676 743 869 936 1003 1065 1132 1199 1266 1333 1400 1467 1534 1601 1612 1678 1742 1866 1900 1956 2073 2141 2209 2236 2303 2394 2448 2517 2562
5 72 139 206 273 340 407 474 541 608 675 742 870 937 1004 1066 1133 1200 1267 1334 1401 1468 1535 1602 1611 1676 1745 1870 1884 1968 2072 2143 2208 2252 2327 2371 2433 2495 2583
4 71 138 205 272 339 406 473 540 607 674 741 808 875 942 1067 1134 1201 1268 1335 1402 1469 1536 1603 1670 1737 1804 1871 1938 2005 2010 2079 2148 2237 2315 2395 2478 2542 2608
3 70 137 204 271 338 405 472 539 606 673 740 807 874 941 1068 1135 1202 1269 1336 1403 1470 1537 1604 1671 1738 1805 1872 1939 2006 2012 2077 2146 2253 2328 2354 2477 2541 2612
2 69 136 203 270 337 404 471 538 605 672 739 806 873 940 1069 1136 1203 1270 1337 1404 1471 1538 1605 1672 1739 1806 1873 1940 2007 2011 2081 2145 2260 2294 2384 2476 2544 2609
1 68 135 202 269 336 403 470 537 604 671 738 805 872 939 1070 1137 1204 1271 1338 1405 1472 1539 1606 1673 1740 1807 1874 1941 2008 2014 2080 2144 2272 2304 2359 2475 2543 2611
0 67 134 201 268 335 402 469 536 603 670 737 804 871 938 1071 1138 1205 1272 1339 1406 1473 1540 1607 1674 1741 1808 1875 1942 2009 2013 2078 2147 2277 2286 2372 2474 2545 2610
